Delta,Time,CPU_FREQUENCY_0,CPU_FREQUENCY_1,CPU_FREQUENCY_10,CPU_FREQUENCY_2,CPU_FREQUENCY_3,CPU_FREQUENCY_4,CPU_FREQUENCY_5,CPU_FREQUENCY_6,CPU_FREQUENCY_7,CPU_FREQUENCY_8,CPU_FREQUENCY_9,CPU_TEMP_0,CPU_TEMP_1,CPU_TEMP_2,CPU_TEMP_3,CPU_TEMP_4,CPU_TEMP_5,CPU_USAGE_0,CPU_USAGE_1,CPU_USAGE_10,CPU_USAGE_2,CPU_USAGE_3,CPU_USAGE_4,CPU_USAGE_5,CPU_USAGE_6,CPU_USAGE_7,CPU_USAGE_8,CPU_USAGE_9,SYSTEM_POWER (Watts),TOTAL_MEMORY,TOTAL_SWAP,USED_MEMORY,USED_SWAP
0,1743249067804,4056,4056,4056,4056,4056,4056,4056,4056,4056,4056,4056,28.796875,30.577110290527344,30.580415725708008,30.56070327758789,33.40559387207031,32.90924072265625,100,0,0,0,0,0,0,0,0,0,0,4.809126377105713,19327352832,1073741824,10792222720,132972544
209,1743249067804,4056,4056,4056,4056,4056,4056,4056,4056,4056,4056,4056,28.796875,30.577110290527344,30.580415725708008,30.56070327758789,33.40559387207031,32.90924072265625,0,100,0,NaN,NaN,0,0,0,0,0,0,4.809126377105713,19327352832,1073741824,10796040192,132972544
205,1743249068015,4056,4056,4056,4056,4056,4056,4056,4056,4056,4056,4056,28.796875,30.577110290527344,30.580415725708008,30.56070327758789,33.40559387207031,32.90924072265625,35,33.333335876464844,28.571430206298828,15.000000953674316,14.285715103149414,14.285715103149414,5,25,23.809524536132813,33.333335876464844,33.333335876464844,4.809126377105713,19327352832,1073741824,10805608448,132972544
209,1743249068221,4056,4056,4056,4056,4056,4056,4056,4056,4056,4056,4056,28.796875,30.577110290527344,30.580415725708008,30.56070327758789,33.40559387207031,32.90924072265625,45,42.85714340209961,30.000001907348633,38.095237731933594,38.095237731933594,35,36.3636360168457,33.333335876464844,33.333335876464844,30.000001907348633,100,4.809126377105713,19327352832,1073741824,10805608448,132972544
203,1743249068431,4056,4056,4056,4056,4056,4056,4056,4056,4056,4056,4056,28.796875,30.577110290527344,30.580415725708008,30.56070327758789,33.40559387207031,32.90924072265625,23.809524536132813,15.000000953674316,90.47618865966797,14.285715103149414,9.523809432983398,9.523809432983398,9.523809432983398,19.047618865966797,9.523809432983398,9.523809432983398,9.523809432983398,4.01071310043335,19327352832,1073741824,10805608448,132972544
207,1743249068635,4056,4056,4056,4056,4056,4056,4056,4056,4056,4056,4056,28.796875,30.577110290527344,30.580415725708008,30.56070327758789,33.40559387207031,32.90924072265625,55,52.38095474243164,100,50,50,45.45454788208008,40,42.105262756347656,45,42.85714340209961,40,4.01071310043335,19327352832,1073741824,10805608448,132972544
202,1743249068843,4056,4056,4056,4056,4056,4056,4056,4056,4056,4056,4056,31.953125,34.80985641479492,33.12282180786133,37.86574935913086,36.522422790527344,34.47085952758789,10,9.523809432983398,85,9.090909004211426,9.523809432983398,0,0,4.545454502105713,0,14.285715103149414,0,4.01071310043335,19327352832,1073741824,10743906304,132972544
209,1743249069047,4056,4056,4056,4056,4056,4056,4056,4056,4056,4056,4056,31.953125,34.80985641479492,33.12282180786133,37.86574935913086,36.522422790527344,34.47085952758789,14.285715103149414,10.526315689086914,61.904762268066406,0,5,0,0,0,0,40,0,4.01071310043335,19327352832,1073741824,10743906304,132972544
202,1743249069257,4056,4056,4056,4056,4056,4056,4056,4056,4056,4056,4056,31.953125,34.80985641479492,33.12282180786133,37.86574935913086,36.522422790527344,34.47085952758789,35,28.571430206298828,38.095237731933594,30.000001907348633,31.81818199157715,22.72727394104004,23.809524536132813,23.809524536132813,19.047618865966797,80,23.809524536132813,2.553048610687256,19327352832,1073741824,10748444672,132972544
209,1743249069459,4056,4056,4056,4056,4056,4056,4056,4056,4056,4056,4056,31.953125,34.80985641479492,33.12282180786133,37.86574935913086,36.522422790527344,34.47085952758789,70,66.66667175292969,76.19047546386719,63.15789031982422,60.000003814697266,57.894737243652344,52.6315803527832,75,76.19047546386719,71.42857360839844,70,2.553048610687256,19327352832,1073741824,10748379136,132972544
203,1743249069669,4056,4056,4056,4056,4056,4056,4056,4056,4056,4056,4056,31.953125,34.80985641479492,33.12282180786133,37.86574935913086,36.522422790527344,34.47085952758789,70,66.66667175292969,75,61.904762268066406,57.894737243652344,60.000003814697266,59.09090805053711,76.19047546386719,76.19047546386719,80,76.19047546386719,2.553048610687256,19327352832,1073741824,10747494400,132972544
209,1743249069872,4056,4056,4056,4056,4056,4056,4056,4056,4056,4056,4056,36.078125,40.434906005859375,38.7148323059082,41.13152313232422,43.531578063964844,37.27491760253906,73.68421173095703,68.18181610107422,75,65,61.904762268066406,61.904762268066406,57.894737243652344,80,73.68421173095703,76.19047546386719,76.19047546386719,2.553048610687256,19327352832,1073741824,10747478016,132972544
201,1743249070082,4056,4056,4056,4056,4056,4056,4056,4056,4056,4056,4056,36.078125,40.434906005859375,38.7148323059082,41.13152313232422,43.531578063964844,37.27491760253906,72.7272720336914,70,80.95238494873047,61.904762268066406,65,57.894737243652344,57.142860412597656,76.19047546386719,71.42857360839844,76.19047546386719,75,2.553048610687256,19327352832,1073741824,10744758272,132972544
207,1743249070285,4056,4056,4056,4056,4056,4056,4056,4056,4056,4056,4056,36.078125,40.434906005859375,38.7148323059082,41.13152313232422,43.531578063964844,37.27491760253906,68.42105102539063,65,70,65,60.000003814697266,57.142860412597656,60.000003814697266,75,76.19047546386719,78.94737243652344,75,10.235865592956543,19327352832,1073741824,10744791040,132972544
209,1743249070493,4056,4056,4056,4056,4056,4056,4056,4056,4056,4056,4056,36.078125,40.434906005859375,38.7148323059082,41.13152313232422,43.531578063964844,37.27491760253906,70,70,80,61.904762268066406,61.904762268066406,61.904762268066406,55,76.19047546386719,75,76.19047546386719,76.19047546386719,10.235865592956543,19327352832,1073741824,10744135680,132972544
205,1743249070702,4056,4056,4056,4056,4056,4056,4056,4056,4056,4056,4056,36.078125,40.434906005859375,38.7148323059082,41.13152313232422,43.531578063964844,37.27491760253906,71.42857360839844,65,77.2727279663086,65,60.000003814697266,57.894737243652344,57.142860412597656,71.42857360839844,71.42857360839844,76.19047546386719,76.19047546386719,10.235865592956543,19327352832,1073741824,10744102912,132972544
200,1743249070908,4056,4056,4056,4056,4056,4056,4056,4056,4056,4056,4056,37.28125,45.49427032470703,44.05813217163086,44.24933624267578,50.191646575927734,40.0640869140625,66.66667175292969,65,75,60.000003814697266,60.000003814697266,57.142860412597656,60.000003814697266,75,76.19047546386719,76.19047546386719,70,10.235865592956543,19327352832,1073741824,10742792192,132972544
207,1743249071110,4056,4056,4056,4056,4056,4056,4056,4056,4056,4056,4056,37.28125,45.49427032470703,44.05813217163086,44.24933624267578,50.191646575927734,40.0640869140625,70,65,75,63.15789031982422,60.000003814697266,60.000003814697266,52.6315803527832,75,75,75,75,10.235865592956543,19327352832,1073741824,10741448704,132972544
208,1743249071317,4056,4056,4056,4056,4056,4056,4056,4056,4056,4056,4056,37.28125,45.49427032470703,44.05813217163086,44.24933624267578,50.191646575927734,40.0640869140625,70,66.66667175292969,75,61.904762268066406,61.904762268066406,60.000003814697266,57.142860412597656,76.19047546386719,75,75,76.19047546386719,17.591068267822266,19327352832,1073741824,10741383168,132972544
200,1743249071526,4056,4056,4056,4056,4056,4056,4056,4056,4056,4056,4056,37.28125,45.49427032470703,44.05813217163086,44.24933624267578,50.191646575927734,40.0640869140625,70,65,72.7272720336914,61.904762268066406,57.894737243652344,57.142860412597656,60.000003814697266,80,76.19047546386719,80.95238494873047,66.66667175292969,17.591068267822266,19327352832,1073741824,10741317632,132972544
206,1743249071727,4056,4056,4056,4056,4056,4056,4056,4056,4056,4056,4056,37.28125,45.49427032470703,44.05813217163086,44.24933624267578,50.191646575927734,40.0640869140625,68.42105102539063,68.42105102539063,78.94737243652344,63.15789031982422,60.000003814697266,60.000003814697266,55,71.42857360839844,75,75,78.94737243652344,17.591068267822266,19327352832,1073741824,10740203520,132972544
204,1743249071934,4056,4056,4056,4056,4056,4056,4056,4056,4056,4056,4056,37.765625,46.43944549560547,45.075565338134766,44.934085845947266,51.418704986572266,40.97998809814453,70,63.6363639831543,71.42857360839844,61.904762268066406,61.904762268066406,57.894737243652344,57.142860412597656,80,75,80.95238494873047,72.7272720336914,17.591068267822266,19327352832,1073741824,10740596736,132972544
203,1743249072138,4056,4056,4056,4056,4056,4056,4056,4056,4056,4056,4056,37.765625,46.43944549560547,45.075565338134766,44.934085845947266,51.418704986572266,40.97998809814453,71.42857360839844,68.42105102539063,76.19047546386719,65,60.000003814697266,61.904762268066406,60.000003814697266,80,75,75,75,17.591068267822266,19327352832,1073741824,10740416512,132972544
200,1743249072342,4056,4056,4056,4056,4056,4056,4056,4056,4056,4056,4056,37.765625,46.43944549560547,45.075565338134766,44.934085845947266,51.418704986572266,40.97998809814453,70,70,73.68421173095703,63.15789031982422,65,60.000003814697266,57.894737243652344,76.19047546386719,77.2727279663086,75,70,21.728557586669922,19327352832,1073741824,10739859456,132972544
203,1743249072543,4056,4056,4056,4056,4056,4056,4056,4056,4056,4056,4056,37.765625,46.43944549560547,45.075565338134766,44.934085845947266,51.418704986572266,40.97998809814453,68.42105102539063,65,75,60.000003814697266,55,57.894737243652344,57.142860412597656,73.68421173095703,70,76.19047546386719,73.68421173095703,21.728557586669922,19327352832,1073741824,10738925568,132972544
204,1743249072746,4056,4056,4056,4056,4056,4056,4056,4056,4056,4056,4056,37.765625,46.43944549560547,45.075565338134766,44.934085845947266,51.418704986572266,40.97998809814453,70,63.15789031982422,77.2727279663086,61.904762268066406,63.15789031982422,57.142860412597656,60.000003814697266,76.19047546386719,78.94737243652344,73.68421173095703,72.7272720336914,21.728557586669922,19327352832,1073741824,10738647040,132972544
202,1743249072951,4056,4056,4056,4056,4056,4056,4056,4056,4056,4056,4056,38.734375,47.17523193359375,45.741886138916016,45.54042434692383,52.160770416259766,41.67936325073242,71.42857360839844,65,73.68421173095703,65,61.904762268066406,63.15789031982422,57.894737243652344,75,80.95238494873047,76.19047546386719,78.94737243652344,21.728557586669922,19327352832,1073741824,10738925568,132972544
203,1743249073154,4056,4056,4056,4056,4056,4056,4056,4056,4056,4056,4056,38.734375,47.17523193359375,45.741886138916016,45.54042434692383,52.160770416259766,41.67936325073242,68.42105102539063,70,76.19047546386719,65,60.000003814697266,61.904762268066406,57.142860412597656,71.42857360839844,70,78.94737243652344,76.19047546386719,21.728557586669922,19327352832,1073741824,10738991104,132972544
201,1743249073358,4056,4056,4056,4056,4056,4056,4056,4056,4056,4056,4056,38.734375,47.17523193359375,45.741886138916016,45.54042434692383,52.160770416259766,41.67936325073242,85.71428680419922,80,78.94737243652344,73.68421173095703,65,57.894737243652344,63.15789031982422,78.94737243652344,75,77.2727279663086,75,21.636676788330078,19327352832,1073741824,10738860032,132972544
205,1743249073560,4056,4056,4056,4056,4056,4056,4056,4056,4056,4056,4056,38.734375,47.17523193359375,45.741886138916016,45.54042434692383,52.160770416259766,41.67936325073242,73.68421173095703,65,76.19047546386719,61.904762268066406,57.894737243652344,60.000003814697266,55,76.19047546386719,80,73.68421173095703,75,21.636676788330078,19327352832,1073741824,10738941952,132972544
201,1743249073765,4056,4056,4056,4056,4056,4056,4056,4056,4056,4056,4056,39.703125,47.35568618774414,46.32199478149414,45.93685531616211,52.83827209472656,42.211978912353516,65,65,70,63.15789031982422,61.904762268066406,60.000003814697266,57.142860412597656,75,76.19047546386719,75,71.42857360839844,21.636676788330078,19327352832,1073741824,10738941952,132972544
207,1743249073967,4056,4056,4056,4056,4056,4056,4056,4056,4056,4056,4056,39.703125,47.35568618774414,46.32199478149414,45.93685531616211,52.83827209472656,42.211978912353516,70,70,75,65,63.15789031982422,60.000003814697266,57.894737243652344,75,78.94737243652344,76.19047546386719,78.94737243652344,21.636676788330078,19327352832,1073741824,10740072448,132972544
202,1743249074175,4056,4056,4056,4056,4056,4056,4056,4056,4056,4056,4056,39.703125,47.35568618774414,46.32199478149414,45.93685531616211,52.83827209472656,42.211978912353516,73.68421173095703,65,76.19047546386719,60.000003814697266,59.09090805053711,57.142860412597656,60.000003814697266,80,71.42857360839844,75,77.2727279663086,21.636676788330078,19327352832,1073741824,10739892224,132972544
208,1743249074378,4056,4056,4056,4056,4056,4056,4056,4056,4056,4056,4056,39.703125,47.35568618774414,46.32199478149414,45.93685531616211,52.83827209472656,42.211978912353516,66.66667175292969,65,75,61.904762268066406,57.894737243652344,57.894737243652344,57.142860412597656,72.7272720336914,76.19047546386719,75,70,21.679704666137695,19327352832,1073741824,10739892224,132972544
209,1743249074587,4056,4056,4056,4056,4056,4056,4056,4056,4056,4056,4056,39.703125,47.35568618774414,46.32199478149414,45.93685531616211,52.83827209472656,42.211978912353516,71.42857360839844,65,80,65,60.000003814697266,57.142860412597656,55,73.68421173095703,75,76.19047546386719,76.19047546386719,21.679704666137695,19327352832,1073741824,10739892224,132972544
209,1743249074797,4056,4056,4056,4056,4056,4056,4056,4056,4056,4056,4056,39.703125,47.92387390136719,46.66059494018555,46.52281951904297,53.05863571166992,42.7864875793457,71.42857360839844,66.66667175292969,72.7272720336914,61.904762268066406,61.904762268066406,61.904762268066406,57.142860412597656,72.7272720336914,76.19047546386719,72.7272720336914,78.94737243652344,21.679704666137695,19327352832,1073741824,10739892224,132972544
207,1743249075007,4056,4056,4056,4056,4056,4056,4056,4056,4056,4056,4056,39.703125,47.92387390136719,46.66059494018555,46.52281951904297,53.05863571166992,42.7864875793457,70,66.66667175292969,75,61.904762268066406,61.904762268066406,57.894737243652344,55,76.19047546386719,77.2727279663086,80,73.91304016113281,21.679704666137695,19327352832,1073741824,10739122176,132972544
205,1743249075215,4056,4056,4056,4056,4056,4056,4056,4056,4056,4056,4056,39.703125,47.92387390136719,46.66059494018555,46.52281951904297,53.05863571166992,42.7864875793457,70,65,71.42857360839844,60.000003814697266,60.000003814697266,59.09090805053711,61.904762268066406,80,75,71.42857360839844,75,21.679704666137695,19327352832,1073741824,10739187712,132972544
202,1743249075420,4056,4056,4056,4056,4056,4056,4056,4056,4056,4056,4056,39.703125,47.92387390136719,46.66059494018555,46.52281951904297,53.05863571166992,42.7864875793457,70,65,75,63.15789031982422,60.000003814697266,60.000003814697266,57.142860412597656,75,71.42857360839844,76.19047546386719,75,21.73480796813965,19327352832,1073741824,10736205824,132972544
206,1743249075623,4056,4056,4056,4056,4056,4056,4056,4056,4056,4056,4056,39.703125,47.92387390136719,46.66059494018555,46.52281951904297,53.05863571166992,42.7864875793457,73.68421173095703,70,76.19047546386719,61.904762268066406,61.904762268066406,60.000003814697266,57.894737243652344,80.95238494873047,76.19047546386719,78.94737243652344,76.19047546386719,21.73480796813965,19327352832,1073741824,10736205824,132972544
209,1743249075830,4056,4056,4056,4056,4056,4056,4056,4056,4056,4056,4056,40.1875,48.477378845214844,47.15161895751953,46.79669189453125,53.62785720825195,43.34549331665039,68.18181610107422,65,80,65,60.000003814697266,60.000003814697266,57.142860412597656,75,78.94737243652344,71.42857360839844,70,21.73480796813965,19327352832,1073741824,10736222208,132972544
200,1743249076040,4056,4056,4056,4056,4056,4056,4056,4056,4056,4056,4056,40.1875,48.477378845214844,47.15161895751953,46.79669189453125,53.62785720825195,43.34549331665039,73.68421173095703,71.42857360839844,76.19047546386719,66.66667175292969,63.15789031982422,61.904762268066406,61.904762268066406,80.95238494873047,76.19047546386719,77.2727279663086,76.19047546386719,21.73480796813965,19327352832,1073741824,10736238592,132972544
208,1743249076240,4056,4056,4056,4056,4056,4056,4056,4056,4056,4056,4056,40.1875,48.477378845214844,47.15161895751953,46.79669189453125,53.62785720825195,43.34549331665039,70,65,76.19047546386719,63.15789031982422,61.904762268066406,60.000003814697266,55.55555725097656,75,73.68421173095703,78.94737243652344,75,21.604915618896484,19327352832,1073741824,10736533504,132972544
209,1743249076449,4056,4056,4056,4056,4056,4056,4056,4056,4056,4056,4056,40.1875,48.477378845214844,47.15161895751953,46.79669189453125,53.62785720825195,43.34549331665039,70,65,70,61.904762268066406,60.000003814697266,55,57.142860412597656,71.42857360839844,72.7272720336914,75,80.95238494873047,21.604915618896484,19327352832,1073741824,10736549888,132972544
209,1743249076659,4056,4056,4056,4056,4056,4056,4056,4056,4056,4056,4056,40.1875,48.477378845214844,47.15161895751953,46.79669189453125,53.62785720825195,43.34549331665039,72.7272720336914,70,76.19047546386719,61.904762268066406,61.904762268066406,61.904762268066406,59.09090805053711,76.19047546386719,76.19047546386719,71.42857360839844,76.19047546386719,21.604915618896484,19327352832,1073741824,10735583232,132972544
207,1743249076869,4056,4056,4056,4056,4056,4056,4056,4056,4056,4056,4056,40.421875,48.79587936401367,47.36460876464844,47.26581573486328,53.62593078613281,43.762630462646484,70,66.66667175292969,80.95238494873047,65,60.000003814697266,60.000003814697266,57.894737243652344,76.19047546386719,70,77.2727279663086,75,21.604915618896484,19327352832,1073741824,10735517696,132972544
208,1743249077077,4056,4056,4056,4056,4056,4056,4056,4056,4056,4056,4056,40.421875,48.79587936401367,47.36460876464844,47.26581573486328,53.62593078613281,43.762630462646484,70,65,75,61.904762268066406,60.000003814697266,57.142860412597656,57.142860412597656,75,76.19047546386719,80,77.2727279663086,21.604915618896484,19327352832,1073741824,10734845952,132972544
204,1743249077285,4056,4056,4056,4056,4056,4056,4056,4056,4056,4056,4056,40.421875,48.79587936401367,47.36460876464844,47.26581573486328,53.62593078613281,43.762630462646484,70,66.66667175292969,76.19047546386719,65,61.904762268066406,60.000003814697266,55,76.19047546386719,71.42857360839844,75,70,21.6514835357666,19327352832,1073741824,10734845952,132972544
207,1743249077490,4056,4056,4056,4056,4056,4056,4056,4056,4056,4056,4056,40.421875,48.79587936401367,47.36460876464844,47.26581573486328,53.62593078613281,43.762630462646484,70,70,75,61.904762268066406,60.000003814697266,57.894737243652344,60.000003814697266,75,75,77.2727279663086,75,21.6514835357666,19327352832,1073741824,10734796800,132972544
203,1743249077698,4056,4056,4056,4056,4056,4056,4056,4056,4056,4056,4056,40.421875,48.79587936401367,47.36460876464844,47.26581573486328,53.62593078613281,43.762630462646484,71.42857360839844,65,77.2727279663086,63.15789031982422,60.000003814697266,59.09090805053711,57.142860412597656,76.19047546386719,70,75,76.19047546386719,21.6514835357666,19327352832,1073741824,10734878720,132972544
200,1743249077901,4056,4056,4056,4056,4056,4056,4056,4056,4056,4056,4056,40.671875,49.08848190307617,47.61899185180664,47.927452087402344,53.7185173034668,44.01186752319336,70,65,75,60.000003814697266,60.000003814697266,55,55,71.42857360839844,77.2727279663086,75,75,21.6514835357666,19327352832,1073741824,10734862336,132972544
208,1743249078102,4056,4056,4056,4056,4056,4056,4056,4056,4056,4056,4056,40.671875,49.08848190307617,47.61899185180664,47.927452087402344,53.7185173034668,44.01186752319336,73.68421173095703,68.42105102539063,78.94737243652344,65,60.000003814697266,63.15789031982422,57.894737243652344,78.94737243652344,78.94737243652344,80,75,21.6514835357666,19327352832,1073741824,10744266752,132972544
207,1743249078311,4056,4056,4056,4056,4056,4056,4056,4056,4056,4056,4056,40.671875,49.08848190307617,47.61899185180664,47.927452087402344,53.7185173034668,44.01186752319336,70,66.66667175292969,77.2727279663086,60.000003814697266,61.904762268066406,55,57.142860412597656,77.2727279663086,77.2727279663086,71.42857360839844,75,21.682374954223633,19327352832,1073741824,10742759424,132972544
206,1743249078518,4056,4056,4056,4056,4056,4056,4056,4056,4056,4056,4056,40.671875,49.08848190307617,47.61899185180664,47.927452087402344,53.7185173034668,44.01186752319336,71.42857360839844,66.66667175292969,75,66.66667175292969,61.904762268066406,61.904762268066406,60.000003814697266,75,75,80,77.2727279663086,21.682374954223633,19327352832,1073741824,10737565696,132972544
208,1743249078725,4056,4056,4056,4056,4056,4056,4056,4056,4056,4056,4056,40.671875,49.08848190307617,47.61899185180664,47.927452087402344,53.7185173034668,44.01186752319336,70,68.42105102539063,80,60.000003814697266,57.894737243652344,57.142860412597656,57.142860412597656,75,70,76.19047546386719,75,21.682374954223633,19327352832,1073741824,10737418240,132972544
201,1743249078934,4056,4056,4056,4056,4056,4056,4056,4056,4056,4056,4056,41.15625,49.642005920410156,48.2579460144043,48.2747688293457,54.58411407470703,44.244422912597656,70,66.66667175292969,77.2727279663086,65,61.904762268066406,60.000003814697266,55,76.19047546386719,76.19047546386719,80.95238494873047,71.42857360839844,21.682374954223633,19327352832,1073741824,10737418240,132972544
208,1743249079135,4056,4056,4056,4056,4056,4056,4056,4056,4056,4056,4056,41.15625,49.642005920410156,48.2579460144043,48.2747688293457,54.58411407470703,44.244422912597656,71.42857360839844,68.42105102539063,78.94737243652344,65,65,60.000003814697266,60.000003814697266,75,75,78.94737243652344,76.19047546386719,21.682374954223633,19327352832,1073741824,10737418240,132972544
200,1743249079344,4056,4056,4056,4056,4056,4056,4056,4056,4056,4056,4056,41.15625,49.642005920410156,48.2579460144043,48.2747688293457,54.58411407470703,44.244422912597656,78.94737243652344,72.7272720336914,76.19047546386719,71.42857360839844,65,70.5882339477539,65,80,80.95238494873047,80.95238494873047,80,21.690866470336914,19327352832,1073741824,10737467392,132972544
203,1743249079544,4056,4056,4056,4056,4056,4056,4056,4056,4056,4056,4056,41.15625,49.642005920410156,48.2579460144043,48.2747688293457,54.58411407470703,44.244422912597656,70,68.42105102539063,75,61.11111068725586,65,60.000003814697266,60.000003814697266,76.19047546386719,78.94737243652344,80,73.68421173095703,21.690866470336914,19327352832,1073741824,10737631232,132972544
205,1743249079748,4056,4056,4056,4056,4056,4056,4056,4056,4056,4056,4056,41.15625,49.642005920410156,48.2579460144043,48.2747688293457,54.58411407470703,44.244422912597656,70,65,75,61.904762268066406,57.894737243652344,61.904762268066406,57.894737243652344,75,77.2727279663086,71.42857360839844,76.19047546386719,21.690866470336914,19327352832,1073741824,10727063552,132972544
204,1743249079954,4056,4056,4056,4056,4056,4056,4056,4056,4056,4056,4056,41.875,49.83111572265625,48.73843002319336,48.42770767211914,55.1886100769043,44.65646743774414,71.42857360839844,70,80,65,61.904762268066406,57.894737243652344,59.09090805053711,75,75,78.94737243652344,76.19047546386719,21.690866470336914,19327352832,1073741824,10727063552,132972544
205,1743249080159,4056,4056,4056,4056,4056,4056,4056,4056,4056,4056,4056,41.875,49.83111572265625,48.73843002319336,48.42770767211914,55.1886100769043,44.65646743774414,73.68421173095703,65,80.95238494873047,61.904762268066406,60.000003814697266,60.000003814697266,57.894737243652344,76.19047546386719,75,72.7272720336914,70,21.690866470336914,19327352832,1073741824,10726998016,132972544
202,1743249080365,4056,4056,4056,4056,4056,4056,4056,4056,4056,4056,4056,41.875,49.83111572265625,48.73843002319336,48.42770767211914,55.1886100769043,44.65646743774414,70,66.66667175292969,70,65,61.904762268066406,60.000003814697266,55,80,76.19047546386719,75,75,21.744091033935547,19327352832,1073741824,10726965248,132972544
209,1743249080567,4056,4056,4056,4056,4056,4056,4056,4056,4056,4056,4056,41.875,49.83111572265625,48.73843002319336,48.42770767211914,55.1886100769043,44.65646743774414,70,68.42105102539063,80,65,61.11111068725586,60.000003814697266,60.000003814697266,75,73.68421173095703,75,76.19047546386719,21.744091033935547,19327352832,1073741824,10726817792,132972544
201,1743249080777,4056,4056,4056,4056,4056,4056,4056,4056,4056,4056,4056,41.875,50.463443756103516,48.94872283935547,49.05484390258789,55.27490997314453,45.054542541503906,71.42857360839844,66.66667175292969,76.19047546386719,57.894737243652344,59.09090805053711,57.142860412597656,55,76.19047546386719,76.19047546386719,77.2727279663086,75,21.744091033935547,19327352832,1073741824,10726817792,132972544
203,1743249080979,4056,4056,4056,4056,4056,4056,4056,4056,4056,4056,4056,41.875,50.463443756103516,48.94872283935547,49.05484390258789,55.27490997314453,45.054542541503906,68.42105102539063,65,75,61.904762268066406,60.000003814697266,60.000003814697266,57.142860412597656,70,76.19047546386719,73.68421173095703,71.42857360839844,21.744091033935547,19327352832,1073741824,10726785024,132972544
209,1743249081182,4056,4056,4056,4056,4056,4056,4056,4056,4056,4056,4056,41.875,50.463443756103516,48.94872283935547,49.05484390258789,55.27490997314453,45.054542541503906,70,63.15789031982422,75,65,63.15789031982422,57.894737243652344,60.000003814697266,75,70,80,80,21.744091033935547,19327352832,1073741824,10726785024,132972544
201,1743249081392,4056,4056,4056,4056,4056,4056,4056,4056,4056,4056,4056,41.875,50.463443756103516,48.94872283935547,49.05484390258789,55.27490997314453,45.054542541503906,70,66.66667175292969,76.19047546386719,61.904762268066406,57.142860412597656,59.09090805053711,55,80.95238494873047,75,77.2727279663086,71.42857360839844,21.87153434753418,19327352832,1073741824,10726785024,132972544
204,1743249081594,4056,4056,4056,4056,4056,4056,4056,4056,4056,4056,4056,41.875,50.463443756103516,48.94872283935547,49.05484390258789,55.27490997314453,45.054542541503906,71.42857360839844,70,75,65,65,63.15789031982422,60.000003814697266,76.19047546386719,75,78.94737243652344,75,21.87153434753418,19327352832,1073741824,10726670336,132972544
206,1743249081798,4056,4056,4056,4056,4056,4056,4056,4056,4056,4056,4056,42.59375,50.64969253540039,49.37504959106445,49.147891998291016,55.70087814331055,45.33126449584961,70,65,71.42857360839844,65,60.000003814697266,55,57.142860412597656,73.68421173095703,76.19047546386719,75,75,21.87153434753418,19327352832,1073741824,10726670336,132972544
202,1743249082005,4056,4056,4056,4056,4056,4056,4056,4056,4056,4056,4056,42.59375,50.64969253540039,49.37504959106445,49.147891998291016,55.70087814331055,45.33126449584961,68.42105102539063,68.42105102539063,75,57.894737243652344,60.000003814697266,60.000003814697266,57.894737243652344,76.19047546386719,76.19047546386719,71.42857360839844,76.19047546386719,21.87153434753418,19327352832,1073741824,10726670336,132972544
208,1743249082207,4056,4056,4056,4056,4056,4056,4056,4056,4056,4056,4056,42.59375,50.64969253540039,49.37504959106445,49.147891998291016,55.70087814331055,45.33126449584961,70,65,80,65,60.000003814697266,60.000003814697266,57.142860412597656,75,78.94737243652344,75,70,21.87153434753418,19327352832,1073741824,10723115008,132972544
209,1743249082416,4056,4056,4056,4056,4056,4056,4056,4056,4056,4056,4056,42.59375,50.64969253540039,49.37504959106445,49.147891998291016,55.70087814331055,45.33126449584961,70,66.66667175292969,76.19047546386719,61.904762268066406,61.904762268066406,57.142860412597656,57.894737243652344,76.19047546386719,77.2727279663086,76.19047546386719,75,21.820735931396484,19327352832,1073741824,10723164160,132972544
208,1743249082625,4056,4056,4056,4056,4056,4056,4056,4056,4056,4056,4056,42.59375,50.64969253540039,49.37504959106445,49.147891998291016,55.70087814331055,45.33126449584961,71.42857360839844,65,75,61.904762268066406,61.904762268066406,60.000003814697266,57.142860412597656,71.42857360839844,71.42857360839844,75,77.2727279663086,21.820735931396484,19327352832,1073741824,10723164160,132972544
203,1743249082834,4056,4056,4056,4056,4056,4056,4056,4056,4056,4056,4056,42.59375,50.958396911621094,49.832088470458984,49.57438278198242,56.33208465576172,45.538482666015625,71.42857360839844,68.18181610107422,78.26087188720703,66.66667175292969,63.15789031982422,61.904762268066406,61.904762268066406,76.19047546386719,75,72.7272720336914,76.19047546386719,21.820735931396484,19327352832,1073741824,10723164160,132972544
207,1743249083038,4056,4056,4056,4056,4056,4056,4056,4056,4056,4056,4056,42.59375,50.958396911621094,49.832088470458984,49.57438278198242,56.33208465576172,45.538482666015625,75,73.68421173095703,78.94737243652344,68.42105102539063,66.66667175292969,65,65,80,80.95238494873047,84.21052551269531,78.94737243652344,21.820735931396484,19327352832,1073741824,10723164160,132972544
209,1743249083245,4056,4056,4056,4056,4056,4056,4056,4056,4056,4056,4056,42.59375,50.958396911621094,49.832088470458984,49.57438278198242,56.33208465576172,45.538482666015625,85,80.95238494873047,90.47618865966797,80.95238494873047,80,80.95238494873047,80,85.71428680419922,85,85.71428680419922,85.71428680419922,21.76590347290039,19327352832,1073741824,10866475008,132972544
209,1743249083455,4056,4056,4056,4056,4056,4056,4056,4056,4056,4056,4056,42.59375,50.958396911621094,49.832088470458984,49.57438278198242,56.33208465576172,45.538482666015625,85,80,85.71428680419922,80,80.95238494873047,80,75,90,90.47618865966797,90.47618865966797,90.47618865966797,21.76590347290039,19327352832,1073741824,10866475008,132972544
208,1743249083665,4056,4056,4056,4056,4056,4056,4056,4056,4056,4056,4056,42.59375,50.958396911621094,49.832088470458984,49.57438278198242,56.33208465576172,45.538482666015625,80.95238494873047,80,85,71.42857360839844,65,61.904762268066406,61.904762268066406,76.19047546386719,80,76.19047546386719,75,21.76590347290039,19327352832,1073741824,10866475008,132972544
200,1743249083874,4056,4056,4056,4056,4056,4056,4056,4056,4056,4056,4056,43.5625,51.63249969482422,50.38338851928711,50.29072570800781,57.36155319213867,46.12423324584961,70,70,77.2727279663086,65,61.904762268066406,65,61.904762268066406,76.19047546386719,76.19047546386719,76.19047546386719,77.2727279663086,21.76590347290039,19327352832,1073741824,10866475008,132972544
202,1743249084074,4056,4056,4056,4056,4056,4056,4056,4056,4056,4056,4056,43.5625,51.63249969482422,50.38338851928711,50.29072570800781,57.36155319213867,46.12423324584961,70,65,75,65,60.000003814697266,57.894737243652344,60.000003814697266,70,71.42857360839844,75,75,21.76590347290039,19327352832,1073741824,10866475008,132972544
201,1743249084277,4056,4056,4056,4056,4056,4056,4056,4056,4056,4056,4056,43.5625,51.63249969482422,50.38338851928711,50.29072570800781,57.36155319213867,46.12423324584961,73.68421173095703,65,78.94737243652344,63.15789031982422,63.15789031982422,60.000003814697266,57.894737243652344,78.94737243652344,75,80,75,21.836532592773438,19327352832,1073741824,10867277824,132972544
206,1743249084479,4056,4056,4056,4056,4056,4056,4056,4056,4056,4056,4056,43.5625,51.63249969482422,50.38338851928711,50.29072570800781,57.36155319213867,46.12423324584961,70,70,71.42857360839844,65,60.000003814697266,61.904762268066406,60.000003814697266,72.7272720336914,78.94737243652344,75,80,21.836532592773438,19327352832,1073741824,10847207424,132972544
208,1743249084685,4056,4056,4056,4056,4056,4056,4056,4056,4056,4056,4056,43.5625,51.63249969482422,50.38338851928711,50.29072570800781,57.36155319213867,46.12423324584961,71.42857360839844,66.66667175292969,75,61.904762268066406,65,57.894737243652344,59.09090805053711,80,80,71.42857360839844,71.42857360839844,21.836532592773438,19327352832,1073741824,10847109120,132972544
208,1743249084894,4056,4056,4056,4056,4056,4056,4056,4056,4056,4056,4056,43.5625,51.755592346191406,50.46585464477539,50.13970947265625,56.85956954956055,46.24428176879883,68.42105102539063,68.42105102539063,75,65,57.142860412597656,59.09090805053711,57.894737243652344,80,72.7272720336914,76.19047546386719,75,21.836532592773438,19327352832,1073741824,10735108096,132972544
203,1743249085102,4056,4056,4056,4056,4056,4056,4056,4056,4056,4056,4056,43.5625,51.755592346191406,50.46585464477539,50.13970947265625,56.85956954956055,46.24428176879883,66.66667175292969,66.66667175292969,71.42857360839844,61.904762268066406,61.904762268066406,60.000003814697266,57.142860412597656,76.19047546386719,80,80,75,21.836532592773438,19327352832,1073741824,10734911488,132972544
205,1743249085307,4056,4056,4056,4056,4056,4056,4056,4056,4056,4056,4056,43.5625,51.755592346191406,50.46585464477539,50.13970947265625,56.85956954956055,46.24428176879883,70,65,76.19047546386719,63.15789031982422,63.15789031982422,57.894737243652344,60.000003814697266,75,75,75,77.2727279663086,23.14154052734375,19327352832,1073741824,10734927872,132972544
206,1743249085512,4056,4056,4056,4056,4056,4056,4056,4056,4056,4056,4056,43.5625,51.755592346191406,50.46585464477539,50.13970947265625,56.85956954956055,46.24428176879883,75,66.66667175292969,75,60.000003814697266,60.000003814697266,61.904762268066406,55,75,77.2727279663086,76.19047546386719,70,23.14154052734375,19327352832,1073741824,10734911488,132972544
202,1743249085718,4056,4056,4056,4056,4056,4056,4056,4056,4056,4056,4056,43.5625,51.755592346191406,50.46585464477539,50.13970947265625,56.85956954956055,46.24428176879883,70,68.42105102539063,75,65,61.904762268066406,60.000003814697266,60.000003814697266,81.81818389892578,70,76.19047546386719,75,23.14154052734375,19327352832,1073741824,10728308736,132972544
208,1743249085921,4056,4056,4056,4056,4056,4056,4056,4056,4056,4056,4056,43.328125,52.07289123535156,50.63761901855469,50.30305480957031,57.0220832824707,46.506866455078125,66.66667175292969,66.66667175292969,76.19047546386719,65,60.000003814697266,60.000003814697266,57.894737243652344,73.68421173095703,75,78.94737243652344,80.95238494873047,23.14154052734375,19327352832,1073741824,10728325120,132972544
205,1743249086129,4056,4056,4056,4056,4056,4056,4056,4056,4056,4056,4056,43.328125,52.07289123535156,50.63761901855469,50.30305480957031,57.0220832824707,46.506866455078125,73.68421173095703,70,76.19047546386719,61.904762268066406,65,60.000003814697266,59.09090805053711,76.19047546386719,75,77.2727279663086,71.42857360839844,23.14154052734375,19327352832,1073741824,10728325120,132972544
200,1743249086335,4056,4056,4056,4056,4056,4056,4056,4056,4056,4056,4056,43.328125,52.07289123535156,50.63761901855469,50.30305480957031,57.0220832824707,46.506866455078125,71.42857360839844,65,75,65,60.000003814697266,57.142860412597656,60.000003814697266,76.19047546386719,72.7272720336914,73.68421173095703,73.68421173095703,21.680892944335938,19327352832,1073741824,10728538112,132972544
207,1743249086536,4056,4056,4056,4056,4056,4056,4056,4056,4056,4056,4056,43.328125,52.07289123535156,50.63761901855469,50.30305480957031,57.0220832824707,46.506866455078125,78.94737243652344,73.68421173095703,78.94737243652344,68.42105102539063,66.66667175292969,65,60.000003814697266,80,73.68421173095703,80,75,21.680892944335938,19327352832,1073741824,10728767488,132972544
209,1743249086743,4056,4056,4056,4056,4056,4056,4056,4056,4056,4056,4056,43.328125,52.07289123535156,50.63761901855469,50.30305480957031,57.0220832824707,46.506866455078125,71.42857360839844,71.42857360839844,72.7272720336914,61.904762268066406,61.11111068725586,60.000003814697266,57.894737243652344,75,80,71.42857360839844,77.2727279663086,21.680892944335938,19327352832,1073741824,10728734720,132972544
200,1743249086953,4056,4056,4056,4056,4056,4056,4056,4056,4056,4056,4056,43.5625,52.36143112182617,50.89054870605469,50.82568359375,57.188743591308594,46.82514953613281,71.42857360839844,66.66667175292969,80,66.66667175292969,61.904762268066406,57.142860412597656,59.09090805053711,76.19047546386719,72.7272720336914,81.81818389892578,71.42857360839844,21.680892944335938,19327352832,1073741824,10728734720,132972544
205,1743249087154,4056,4056,4056,4056,4056,4056,4056,4056,4056,4056,4056,43.5625,52.36143112182617,50.89054870605469,50.82568359375,57.188743591308594,46.82514953613281,72.22222137451172,68.42105102539063,70,63.15789031982422,60.000003814697266,57.894737243652344,55.55555725097656,75,73.68421173095703,78.94737243652344,73.68421173095703,21.680892944335938,19327352832,1073741824,10728734720,132972544
208,1743249087360,4056,4056,4056,4056,4056,4056,4056,4056,4056,4056,4056,43.5625,52.36143112182617,50.89054870605469,50.82568359375,57.188743591308594,46.82514953613281,76.19047546386719,70,77.2727279663086,65,61.904762268066406,61.904762268066406,61.904762268066406,76.19047546386719,71.42857360839844,75,76.19047546386719,21.823867797851563,19327352832,1073741824,10729062400,132972544
206,1743249087568,4056,4056,4056,4056,4056,4056,4056,4056,4056,4056,4056,43.5625,52.36143112182617,50.89054870605469,50.82568359375,57.188743591308594,46.82514953613281,70,70,75,63.6363639831543,65,60.000003814697266,57.142860412597656,80,77.2727279663086,76.19047546386719,76.19047546386719,21.823867797851563,19327352832,1073741824,10728718336,132972544
200,1743249087775,4056,4056,4056,4056,4056,4056,4056,4056,4056,4056,4056,43.796875,52.77553939819336,51.16707229614258,51.103790283203125,57.50014114379883,47.18851089477539,71.42857360839844,65,80,63.15789031982422,60.000003814697266,60.000003814697266,55,76.19047546386719,75,71.42857360839844,70,21.823867797851563,19327352832,1073741824,10728685568,132972544
207,1743249087975,4056,4056,4056,4056,4056,4056,4056,4056,4056,4056,4056,43.796875,52.77553939819336,51.16707229614258,51.103790283203125,57.50014114379883,47.18851089477539,72.22222137451172,70,76.19047546386719,63.15789031982422,60.000003814697266,60.000003814697266,60.000003814697266,75,73.68421173095703,75,78.94737243652344,21.823867797851563,19327352832,1073741824,10798710784,132972544
205,1743249088183,4056,4056,4056,4056,4056,4056,4056,4056,4056,4056,4056,43.796875,52.77553939819336,51.16707229614258,51.103790283203125,57.50014114379883,47.18851089477539,76.19047546386719,70,84.21052551269531,66.66667175292969,65,60.000003814697266,60.000003814697266,80.95238494873047,76.19047546386719,80.95238494873047,77.2727279663086,21.823867797851563,19327352832,1073741824,10810392576,132972544
201,1743249088389,4056,4056,4056,4056,4056,4056,4056,4056,4056,4056,4056,43.796875,52.77553939819336,51.16707229614258,51.103790283203125,57.50014114379883,47.18851089477539,70,66.66667175292969,75,60.000003814697266,57.142860412597656,60.000003814697266,57.142860412597656,70,75,80,75,22.095844268798828,19327352832,1073741824,10810392576,132972544
202,1743249088591,4056,4056,4056,4056,4056,4056,4056,4056,4056,4056,4056,43.796875,52.77553939819336,51.16707229614258,51.103790283203125,57.50014114379883,47.18851089477539,70,68.42105102539063,80.95238494873047,65,63.15789031982422,60.000003814697266,61.11111068725586,75,71.42857360839844,75,76.19047546386719,22.095844268798828,19327352832,1073741824,10810392576,132972544
209,1743249088794,4056,4056,4056,4056,4056,4056,4056,4056,4056,4056,4056,44.046875,52.68185043334961,51.15486145019531,51.585052490234375,57.28885269165039,47.44002914428711,70,66.66667175292969,75,63.15789031982422,61.904762268066406,60.000003814697266,57.142860412597656,75,73.68421173095703,80.95238494873047,73.68421173095703,22.095844268798828,19327352832,1073741824,10810392576,132972544
206,1743249089004,4056,4056,4056,4056,4056,4056,4056,4056,4056,4056,4056,44.046875,52.68185043334961,51.15486145019531,51.585052490234375,57.28885269165039,47.44002914428711,70,65,71.42857360839844,61.904762268066406,63.15789031982422,57.142860412597656,57.142860412597656,80.95238494873047,72.7272720336914,75,76.19047546386719,22.095844268798828,19327352832,1073741824,10810392576,132972544
209,1743249089210,4056,4056,4056,4056,4056,4056,4056,4056,4056,4056,4056,44.046875,52.68185043334961,51.15486145019531,51.585052490234375,57.28885269165039,47.44002914428711,71.42857360839844,70,80.95238494873047,66.66667175292969,61.904762268066406,60.000003814697266,57.894737243652344,75,80,75,75,22.095844268798828,19327352832,1073741824,10810392576,132972544
209,1743249089420,4056,4056,4056,4056,4056,4056,4056,4056,4056,4056,4056,44.046875,52.68185043334961,51.15486145019531,51.585052490234375,57.28885269165039,47.44002914428711,70,66.66667175292969,75,61.904762268066406,61.904762268066406,60.000003814697266,61.904762268066406,76.19047546386719,76.19047546386719,76.19047546386719,77.2727279663086,21.98502540588379,19327352832,1073741824,10740809728,132972544
209,1743249089629,4056,4056,4056,4056,4056,4056,4056,4056,4056,4056,4056,44.046875,52.68185043334961,51.15486145019531,51.585052490234375,57.28885269165039,47.44002914428711,70,65,76.19047546386719,65,60.000003814697266,61.904762268066406,57.142860412597656,76.19047546386719,76.19047546386719,76.19047546386719,70,21.98502540588379,19327352832,1073741824,10739974144,132972544
204,1743249089839,4056,4056,4056,4056,4056,4056,4056,4056,4056,4056,4056,44.515625,53.23967742919922,51.772953033447266,51.602176666259766,58.1672477722168,47.755897521972656,71.42857360839844,66.66667175292969,76.19047546386719,61.904762268066406,60.000003814697266,57.142860412597656,55,76.19047546386719,70,80.95238494873047,72.7272720336914,21.98502540588379,19327352832,1073741824,10727391232,132972544
202,1743249090044,4056,4056,4056,4056,4056,4056,4056,4056,4056,4056,4056,44.515625,53.23967742919922,51.772953033447266,51.602176666259766,58.1672477722168,47.755897521972656,73.68421173095703,70,76.19047546386719,65,61.904762268066406,63.15789031982422,61.904762268066406,80,75,75,80,21.98502540588379,19327352832,1073741824,10727391232,132972544
207,1743249090247,4056,4056,4056,4056,4056,4056,4056,4056,4056,4056,4056,44.515625,53.23967742919922,51.772953033447266,51.602176666259766,58.1672477722168,47.755897521972656,76.19047546386719,75,84.21052551269531,70,73.68421173095703,70,68.42105102539063,76.19047546386719,77.2727279663086,80.95238494873047,80,22.016172409057617,19327352832,1073741824,10727391232,132972544
200,1743249090454,4056,4056,4056,4056,4056,4056,4056,4056,4056,4056,4056,44.515625,53.23967742919922,51.772953033447266,51.602176666259766,58.1672477722168,47.755897521972656,75,70,72.7272720336914,70,63.6363639831543,61.904762268066406,60.000003814697266,80,80,80.95238494873047,76.19047546386719,22.016172409057617,19327352832,1073741824,10728947712,132972544
209,1743249090655,4056,4056,4056,4056,4056,4056,4056,4056,4056,4056,4056,44.515625,53.23967742919922,51.772953033447266,51.602176666259766,58.1672477722168,47.755897521972656,70,68.42105102539063,75,60.000003814697266,63.15789031982422,60.000003814697266,60.000003814697266,75,73.68421173095703,78.94737243652344,73.68421173095703,22.016172409057617,19327352832,1073741824,10728964096,132972544
200,1743249090865,4056,4056,4056,4056,4056,4056,4056,4056,4056,4056,4056,44.765625,53.33646774291992,51.84502029418945,51.78548812866211,58.27443313598633,48.0174446105957,45,42.85714340209961,90,35,30.000001907348633,33.333335876464844,30.000001907348633,42.85714340209961,40.90909194946289,40.90909194946289,40.90909194946289,22.016172409057617,19327352832,1073741824,10728964096,132972544
206,1743249091066,4056,4056,4056,4056,4056,4056,4056,4056,4056,4056,4056,44.765625,53.33646774291992,51.84502029418945,51.78548812866211,58.27443313598633,48.0174446105957,20,10,90,10,5,0,4.761904716491699,4.761904716491699,0,5,10,22.016172409057617,19327352832,1073741824,10728669184,132972544
9,1743249091273,4056,4056,4056,4056,4056,4056,4056,4056,4056,4056,4056,44.765625,53.33646774291992,51.84502029418945,51.78548812866211,58.27443313598633,48.0174446105957,20,15.000000953674316,14.285715103149414,9.523809432983398,9.523809432983398,4.761904716491699,0,10,13.636363983154297,10,5,21.928136825561523,19327352832,1073741824,10728669184,132972544
